1232056602804588545
1231953271197224960
1232051272305373185
1232056601479204864
1232056331496017920
1232038377169526784
1232033744544059393
1231988636096307201
1232053018138488834
1232052863599284225
1232056931663196161
1232055183854755843
1232059784884563970
1232027415746142212
1232027406703222784
1231991649389203457
1231991247583293440
1231829683261648896
1231828610241236995
1231687881728692225
1231046138456788992
1231032339700076544
1231953456065392640
1231940711471206400
1232052531603226624
1232007457473531904
1231994801878376448
1232080976395804672
1232080702075785216
1232056373522857986
1232057150974894080
1232036988703789056
1232019903944761345
1232018855356256257
1232006685121810435
1231988556257792000
1231975708890628097
1232053017672912905
1232041631173332992
1232041437774176256
1232057150974894080
1232055516173684736
1232055097967902720
1232051294828978178
1231567743855419392
