1231595634307870720
1231142893051686912
1232012718149902338
1232028636104069124
1231206758615592960
1231985829326671873
1229438369819574272
1205638588232339458
1232027535019393024
1230425260740227073
1229085121845878785
1232023117431619584
1232024858692857861
1232024522808627200
1230053717518450688
1231997614175985667
1231592512298594304
1232012717248172033
1232028049819856896
1228613427876200450
1232013411107536896
1232024889298690048
1232024805374906373
1232024757916360705
1232024420551733254
